<!DOCTYPE html>
<html lang="en-US">
<head>
    <meta charset="UTF-8">
    <title>experiments/dtlz/DTLZ7</title>
    <script src="https://cdn.plot.ly/plotly-latest.min.js"></script>
</head>
<body>
    <div id='target' ></div>
        <script>
        var target_target = document.getElementById('target');
        var layout = {
    title: 'experiments/dtlz/DTLZ7',
    height: 800,
    width: 1000,
    showlegend: false,
    scene: {
    xaxis: {
    title: 'f1',
    },
    yaxis: {
    title: 'f2',
    },
    zaxis: {
    title: 'f3',
    },
}
,


};

var trace0 =
{
x: [0.0, 0.0, 0.0, 0.0, 0.0, 0.0, 0.0, 0.0, 0.0, 0.0, 0.0, 0.0, 0.0, 0.0, 0.0, 0.0, 0.0, 0.0, 0.0, 0.0, 0.0, 0.0, 0.0, 0.0, 0.0, 0.0, 0.02, 0.02, 0.02, 0.02, 0.02, 0.02, 0.02, 0.02, 0.02, 0.02, 0.02, 0.02, 0.02, 0.02, 0.02, 0.02, 0.02, 0.02, 0.02, 0.02, 0.02, 0.02, 0.02, 0.02, 0.02, 0.02, 0.04, 0.04, 0.04, 0.04, 0.04, 0.04, 0.04, 0.04, 0.04, 0.04, 0.04, 0.04, 0.04, 0.04, 0.04, 0.04, 0.04, 0.04, 0.04, 0.04, 0.04, 0.04, 0.04, 0.04, 0.04, 0.04, 0.06, 0.06, 0.06, 0.06, 0.06, 0.06, 0.06, 0.06, 0.06, 0.06, 0.06, 0.06, 0.06, 0.06, 0.06, 0.06, 0.06, 0.06, 0.06, 0.06, 0.06, 0.06, 0.06, 0.06, 0.06, 0.06, 0.08, 0.08, 0.08, 0.08, 0.08, 0.08, 0.08, 0.08, 0.08, 0.08, 0.08, 0.08, 0.08, 0.08, 0.08, 0.08, 0.08, 0.08, 0.08, 0.08, 0.08, 0.08, 0.08, 0.08, 0.08, 0.08, 0.1, 0.1, 0.1, 0.1, 0.1, 0.1, 0.1, 0.1, 0.1, 0.1, 0.1, 0.1, 0.1, 0.1, 0.1, 0.1, 0.1, 0.1, 0.1, 0.1, 0.1, 0.1, 0.1, 0.1, 0.1, 0.1, 0.12, 0.12, 0.12, 0.12, 0.12, 0.12, 0.12, 0.12, 0.12, 0.12, 0.12, 0.12, 0.12, 0.12, 0.12, 0.12, 0.12, 0.12, 0.12, 0.12, 0.12, 0.12, 0.12, 0.12, 0.12, 0.12, 0.14, 0.14, 0.14, 0.14, 0.14, 0.14, 0.14, 0.14, 0.14, 0.14, 0.14, 0.14, 0.14, 0.14, 0.14, 0.14, 0.14, 0.14, 0.14, 0.14, 0.14, 0.14, 0.14, 0.14, 0.14, 0.14, 0.16, 0.16, 0.16, 0.16, 0.16, 0.16, 0.16, 0.16, 0.16, 0.16, 0.16, 0.16, 0.16, 0.16, 0.16, 0.16, 0.16, 0.16, 0.16, 0.16, 0.16, 0.16, 0.16, 0.16, 0.16, 0.16, 0.18, 0.18, 0.18, 0.18, 0.18, 0.18, 0.18, 0.18, 0.18, 0.18, 0.18, 0.18, 0.18, 0.18, 0.18, 0.18, 0.18, 0.18, 0.18, 0.18, 0.18, 0.18, 0.18, 0.18, 0.18, 0.18, 0.2, 0.2, 0.2, 0.2, 0.2, 0.2, 0.2, 0.2, 0.2, 0.2, 0.2, 0.2, 0.2, 0.2, 0.2, 0.2, 0.2, 0.2, 0.2, 0.2, 0.2, 0.2, 0.2, 0.2, 0.2, 0.2, 0.22, 0.22, 0.22, 0.22, 0.22, 0.22, 0.22, 0.22, 0.22, 0.22, 0.22, 0.22, 0.22, 0.22, 0.22, 0.22, 0.22, 0.22, 0.22, 0.22, 0.22, 0.22, 0.22, 0.22, 0.22, 0.22, 0.24, 0.24, 0.24, 0.24, 0.24, 0.24, 0.24, 0.24, 0.24, 0.24, 0.24, 0.24, 0.24, 0.24, 0.24, 0.24, 0.24, 0.24, 0.24, 0.24, 0.24, 0.24, 0.24, 0.24, 0.24, 0.24, 0.26, 0.26, 0.26, 0.26, 0.26, 0.26, 0.26, 0.26, 0.26, 0.26, 0.26, 0.26, 0.26, 0.26, 0.26, 0.26, 0.26, 0.26, 0.26, 0.26, 0.26, 0.26, 0.26, 0.26, 0.26, 0.26, 0.64, 0.64, 0.64, 0.64, 0.64, 0.64, 0.64, 0.64, 0.64, 0.64, 0.64, 0.64, 0.64, 0.64, 0.64, 0.64, 0.64, 0.64, 0.64, 0.64, 0.64, 0.64, 0.64, 0.64, 0.64, 0.64, 0.66, 0.66, 0.66, 0.66, 0.66, 0.66, 0.66, 0.66, 0.66, 0.66, 0.66, 0.66, 0.66, 0.66, 0.66, 0.66, 0.66, 0.66, 0.66, 0.66, 0.66, 0.66, 0.66, 0.66, 0.66, 0.66, 0.68, 0.68, 0.68, 0.68, 0.68, 0.68, 0.68, 0.68, 0.68, 0.68, 0.68, 0.68, 0.68, 0.68, 0.68, 0.68, 0.68, 0.68, 0.68, 0.68, 0.68, 0.68, 0.68, 0.68, 0.68, 0.68, 0.7, 0.7, 0.7, 0.7, 0.7, 0.7, 0.7, 0.7, 0.7, 0.7, 0.7, 0.7, 0.7, 0.7, 0.7, 0.7, 0.7, 0.7, 0.7, 0.7, 0.7, 0.7, 0.7, 0.7, 0.7, 0.7, 0.72, 0.72, 0.72, 0.72, 0.72, 0.72, 0.72, 0.72, 0.72, 0.72, 0.72, 0.72, 0.72, 0.72, 0.72, 0.72, 0.72, 0.72, 0.72, 0.72, 0.72, 0.72, 0.72, 0.72, 0.72, 0.72, 0.74, 0.74, 0.74, 0.74, 0.74, 0.74, 0.74, 0.74, 0.74, 0.74, 0.74, 0.74, 0.74, 0.74, 0.74, 0.74, 0.74, 0.74, 0.74, 0.74, 0.74, 0.74, 0.74, 0.74, 0.74, 0.74, 0.76, 0.76, 0.76, 0.76, 0.76, 0.76, 0.76, 0.76, 0.76, 0.76, 0.76, 0.76, 0.76, 0.76, 0.76, 0.76, 0.76, 0.76, 0.76, 0.76, 0.76, 0.76, 0.76, 0.76, 0.76, 0.76, 0.78, 0.78, 0.78, 0.78, 0.78, 0.78, 0.78, 0.78, 0.78, 0.78, 0.78, 0.78, 0.78, 0.78, 0.78, 0.78, 0.78, 0.78, 0.78, 0.78, 0.78, 0.78, 0.78, 0.78, 0.78, 0.78, 0.8, 0.8, 0.8, 0.8, 0.8, 0.8, 0.8, 0.8, 0.8, 0.8, 0.8, 0.8, 0.8, 0.8, 0.8, 0.8, 0.8, 0.8, 0.8, 0.8, 0.8, 0.8, 0.8, 0.8, 0.8, 0.8, 0.82, 0.82, 0.82, 0.82, 0.82, 0.82, 0.82, 0.82, 0.82, 0.82, 0.82, 0.82, 0.82, 0.82, 0.82, 0.82, 0.82, 0.82, 0.82, 0.82, 0.82, 0.82, 0.82, 0.82, 0.82, 0.82, 0.84, 0.84, 0.84, 0.84, 0.84, 0.84, 0.84, 0.84, 0.84, 0.84, 0.84, 0.84, 0.84, 0.84, 0.84, 0.84, 0.84, 0.84, 0.84, 0.84, 0.84, 0.84, 0.84, 0.84, 0.84, 0.84, 0.86, 0.86, 0.86, 0.86, 0.86, 0.86, 0.86, 0.86, 0.86, 0.86, 0.86, 0.86, 0.86, 0.86, 0.86, 0.86, 0.86, 0.86, 0.86, 0.86, 0.86, 0.86, 0.86, 0.86, 0.86, 0.86],
y: [0.0, 0.02, 0.04, 0.06, 0.08, 0.1, 0.12, 0.14, 0.16, 0.18, 0.2, 0.22, 0.24, 0.26, 0.64, 0.66, 0.68, 0.7, 0.72, 0.74, 0.76, 0.78, 0.8, 0.82, 0.84, 0.86, 0.0, 0.02, 0.04, 0.06, 0.08, 0.1, 0.12, 0.14, 0.16, 0.18, 0.2, 0.22, 0.24, 0.26, 0.64, 0.66, 0.68, 0.7, 0.72, 0.74, 0.76, 0.78, 0.8, 0.82, 0.84, 0.86, 0.0, 0.02, 0.04, 0.06, 0.08, 0.1, 0.12, 0.14, 0.16, 0.18, 0.2, 0.22, 0.24, 0.26, 0.64, 0.66, 0.68, 0.7, 0.72, 0.74, 0.76, 0.78, 0.8, 0.82, 0.84, 0.86, 0.0, 0.02, 0.04, 0.06, 0.08, 0.1, 0.12, 0.14, 0.16, 0.18, 0.2, 0.22, 0.24, 0.26, 0.64, 0.66, 0.68, 0.7, 0.72, 0.74, 0.76, 0.78, 0.8, 0.82, 0.84, 0.86, 0.0, 0.02, 0.04, 0.06, 0.08, 0.1, 0.12, 0.14, 0.16, 0.18, 0.2, 0.22, 0.24, 0.26, 0.64, 0.66, 0.68, 0.7, 0.72, 0.74, 0.76, 0.78, 0.8, 0.82, 0.84, 0.86, 0.0, 0.02, 0.04, 0.06, 0.08, 0.1, 0.12, 0.14, 0.16, 0.18, 0.2, 0.22, 0.24, 0.26, 0.64, 0.66, 0.68, 0.7, 0.72, 0.74, 0.76, 0.78, 0.8, 0.82, 0.84, 0.86, 0.0, 0.02, 0.04, 0.06, 0.08, 0.1, 0.12, 0.14, 0.16, 0.18, 0.2, 0.22, 0.24, 0.26, 0.64, 0.66, 0.68, 0.7, 0.72, 0.74, 0.76, 0.78, 0.8, 0.82, 0.84, 0.86, 0.0, 0.02, 0.04, 0.06, 0.08, 0.1, 0.12, 0.14, 0.16, 0.18, 0.2, 0.22, 0.24, 0.26, 0.64, 0.66, 0.68, 0.7, 0.72, 0.74, 0.76, 0.78, 0.8, 0.82, 0.84, 0.86, 0.0, 0.02, 0.04, 0.06, 0.08, 0.1, 0.12, 0.14, 0.16, 0.18, 0.2, 0.22, 0.24, 0.26, 0.64, 0.66, 0.68, 0.7, 0.72, 0.74, 0.76, 0.78, 0.8, 0.82, 0.84, 0.86, 0.0, 0.02, 0.04, 0.06, 0.08, 0.1, 0.12, 0.14, 0.16, 0.18, 0.2, 0.22, 0.24, 0.26, 0.64, 0.66, 0.68, 0.7, 0.72, 0.74, 0.76, 0.78, 0.8, 0.82, 0.84, 0.86, 0.0, 0.02, 0.04, 0.06, 0.08, 0.1, 0.12, 0.14, 0.16, 0.18, 0.2, 0.22, 0.24, 0.26, 0.64, 0.66, 0.68, 0.7, 0.72, 0.74, 0.76, 0.78, 0.8, 0.82, 0.84, 0.86, 0.0, 0.02, 0.04, 0.06, 0.08, 0.1, 0.12, 0.14, 0.16, 0.18, 0.2, 0.22, 0.24, 0.26, 0.64, 0.66, 0.68, 0.7, 0.72, 0.74, 0.76, 0.78, 0.8, 0.82, 0.84, 0.86, 0.0, 0.02, 0.04, 0.06, 0.08, 0.1, 0.12, 0.14, 0.16, 0.18, 0.2, 0.22, 0.24, 0.26, 0.64, 0.66, 0.68, 0.7, 0.72, 0.74, 0.76, 0.78, 0.8, 0.82, 0.84, 0.86, 0.0, 0.02, 0.04, 0.06, 0.08, 0.1, 0.12, 0.14, 0.16, 0.18, 0.2, 0.22, 0.24, 0.26, 0.64, 0.66, 0.68, 0.7, 0.72, 0.74, 0.76, 0.78, 0.8, 0.82, 0.84, 0.86, 0.0, 0.02, 0.04, 0.06, 0.08, 0.1, 0.12, 0.14, 0.16, 0.18, 0.2, 0.22, 0.24, 0.26, 0.64, 0.66, 0.68, 0.7, 0.72, 0.74, 0.76, 0.78, 0.8, 0.82, 0.84, 0.86, 0.0, 0.02, 0.04, 0.06, 0.08, 0.1, 0.12, 0.14, 0.16, 0.18, 0.2, 0.22, 0.24, 0.26, 0.64, 0.66, 0.68, 0.7, 0.72, 0.74, 0.76, 0.78, 0.8, 0.82, 0.84, 0.86, 0.0, 0.02, 0.04, 0.06, 0.08, 0.1, 0.12, 0.14, 0.16, 0.18, 0.2, 0.22, 0.24, 0.26, 0.64, 0.66, 0.68, 0.7, 0.72, 0.74, 0.76, 0.78, 0.8, 0.82, 0.84, 0.86, 0.0, 0.02, 0.04, 0.06, 0.08, 0.1, 0.12, 0.14, 0.16, 0.18, 0.2, 0.22, 0.24, 0.26, 0.64, 0.66, 0.68, 0.7, 0.72, 0.74, 0.76, 0.78, 0.8, 0.82, 0.84, 0.86, 0.0, 0.02, 0.04, 0.06, 0.08, 0.1, 0.12, 0.14, 0.16, 0.18, 0.2, 0.22, 0.24, 0.26, 0.64, 0.66, 0.68, 0.7, 0.72, 0.74, 0.76, 0.78, 0.8, 0.82, 0.84, 0.86, 0.0, 0.02, 0.04, 0.06, 0.08, 0.1, 0.12, 0.14, 0.16, 0.18, 0.2, 0.22, 0.24, 0.26, 0.64, 0.66, 0.68, 0.7, 0.72, 0.74, 0.76, 0.78, 0.8, 0.82, 0.84, 0.86, 0.0, 0.02, 0.04, 0.06, 0.08, 0.1, 0.12, 0.14, 0.16, 0.18, 0.2, 0.22, 0.24, 0.26, 0.64, 0.66, 0.68, 0.7, 0.72, 0.74, 0.76, 0.78, 0.8, 0.82, 0.84, 0.86, 0.0, 0.02, 0.04, 0.06, 0.08, 0.1, 0.12, 0.14, 0.16, 0.18, 0.2, 0.22, 0.24, 0.26, 0.64, 0.66, 0.68, 0.7, 0.72, 0.74, 0.76, 0.78, 0.8, 0.82, 0.84, 0.86, 0.0, 0.02, 0.04, 0.06, 0.08, 0.1, 0.12, 0.14, 0.16, 0.18, 0.2, 0.22, 0.24, 0.26, 0.64, 0.66, 0.68, 0.7, 0.72, 0.74, 0.76, 0.78, 0.8, 0.82, 0.84, 0.86, 0.0, 0.02, 0.04, 0.06, 0.08, 0.1, 0.12, 0.14, 0.16, 0.18, 0.2, 0.22, 0.24, 0.26, 0.64, 0.66, 0.68, 0.7, 0.72, 0.74, 0.76, 0.78, 0.8, 0.82, 0.84, 0.86, 0.0, 0.02, 0.04, 0.06, 0.08, 0.1, 0.12, 0.14, 0.16, 0.18, 0.2, 0.22, 0.24, 0.26, 0.64, 0.66, 0.68, 0.7, 0.72, 0.74, 0.76, 0.78, 0.8, 0.82, 0.84, 0.86, 0.0, 0.02, 0.04, 0.06, 0.08, 0.1, 0.12, 0.14, 0.16, 0.18, 0.2, 0.22, 0.24, 0.26, 0.64, 0.66, 0.68, 0.7, 0.72, 0.74, 0.76, 0.78, 0.8, 0.82, 0.84, 0.86],
z: [6.0, 5.97625, 5.94528, 5.90785, 5.86524, 5.8191, 5.77142, 5.7244, 5.68032, 5.64142, 5.60979, 5.58721, 5.57508, 5.57427, 5.51916, 5.38144, 5.23477, 5.08369, 4.93314, 4.78831, 4.65441, 4.53648, 4.43915, 4.36647, 4.32166, 4.30702, 5.97625, 5.9525, 5.92153, 5.8841, 5.84149, 5.79535, 5.74767, 5.70065, 5.65657, 5.61767, 5.58604, 5.56346, 5.55133, 5.55052, 5.49541, 5.35769, 5.21103, 5.05994, 4.90939, 4.76456, 4.63066, 4.51273, 4.41541, 4.34272, 4.29791, 4.28327, 5.94528, 5.92153, 5.89055, 5.85313, 5.81051, 5.76437, 5.7167, 5.66967, 5.62559, 5.58669, 5.55506, 5.53249, 5.52035, 5.51954, 5.46444, 5.32672, 5.18005, 5.02896, 4.87841, 4.73358, 4.59968, 4.48176, 4.38443, 4.31174, 4.26693, 4.25229, 5.90785, 5.8841, 5.85313, 5.8157, 5.77309, 5.72695, 5.67927, 5.63225, 5.58817, 5.54927, 5.51764, 5.49506, 5.48293, 5.48212, 5.42701, 5.28929, 5.14262, 4.99154, 4.84099, 4.69616, 4.56226, 4.44433, 4.34701, 4.27432, 4.22951, 4.21487, 5.86524, 5.84149, 5.81051, 5.77309, 5.73047, 5.68433, 5.63666, 5.58963, 5.54555, 5.50666, 5.47502, 5.45245, 5.44031, 5.43951, 5.3844, 5.24668, 5.10001, 4.94892, 4.79837, 4.65354, 4.51965, 4.40172, 4.30439, 4.2317, 4.18689, 4.17225, 5.8191, 5.79535, 5.76437, 5.72695, 5.68433, 5.6382, 5.59052, 5.5435, 5.49941, 5.46052, 5.42889, 5.40631, 5.39418, 5.39337, 5.33826, 5.20054, 5.05387, 4.90279, 4.75224, 4.6074, 4.47351, 4.35558, 4.25825, 4.18556, 4.14076, 4.12612, 5.77142, 5.74767, 5.7167, 5.67927, 5.63666, 5.59052, 5.54284, 5.49582, 5.45174, 5.41284, 5.38121, 5.35863, 5.3465, 5.34569, 5.29058, 5.15286, 5.00619, 4.85511, 4.70456, 4.55973, 4.42583, 4.3079, 4.21058, 4.13789, 4.09308, 4.07844, 5.7244, 5.70065, 5.66967, 5.63225, 5.58963, 5.5435, 5.49582, 5.4488, 5.40471, 5.36582, 5.33419, 5.31161, 5.29948, 5.29867, 5.24356, 5.10584, 4.95917, 4.80809, 4.65754, 4.5127, 4.37881, 4.26088, 4.16355, 4.09086, 4.04606, 4.03142, 5.68032, 5.65657, 5.62559, 5.58817, 5.54555, 5.49941, 5.45174, 5.40471, 5.36063, 5.32174, 5.2901, 5.26753, 5.25539, 5.25459, 5.19948, 5.06176, 4.91509, 4.764, 4.61345, 4.46862, 4.33473, 4.2168, 4.11947, 4.04678, 4.00197, 3.98733, 5.64142, 5.61767, 5.58669, 5.54927, 5.50666, 5.46052, 5.41284, 5.36582, 5.32174, 5.28284, 5.25121, 5.22863, 5.2165, 5.21569, 5.16058, 5.02286, 4.87619, 4.72511, 4.57456, 4.42973, 4.29583, 4.1779, 4.08057, 4.00789, 3.96308, 3.94844, 5.60979, 5.58604, 5.55506, 5.51764, 5.47502, 5.42889, 5.38121, 5.33419, 5.2901, 5.25121, 5.21958, 5.197, 5.18487, 5.18406, 5.12895, 4.99123, 4.84456, 4.69348, 4.54293, 4.39809, 4.2642, 4.14627, 4.04894, 3.97625, 3.93145, 3.91681, 5.58721, 5.56346, 5.53249, 5.49506, 5.45245, 5.40631, 5.35863, 5.31161, 5.26753, 5.22863, 5.197, 5.17443, 5.16229, 5.16148, 5.10637, 4.96865, 4.82199, 4.6709, 4.52035, 4.37552, 4.24162, 4.12369, 4.02637, 3.95368, 3.90887, 3.89423, 5.57508, 5.55133, 5.52035, 5.48293, 5.44031, 5.39418, 5.3465, 5.29948, 5.25539, 5.2165, 5.18487, 5.16229, 5.15015, 5.14935, 5.09424, 4.95652, 4.80985, 4.65876, 4.50821, 4.36338, 4.22949, 4.11156, 4.01423, 3.94154, 3.89673, 3.8821, 5.57427, 5.55052, 5.51954, 5.48212, 5.43951, 5.39337, 5.34569, 5.29867, 5.25459, 5.21569, 5.18406, 5.16148, 5.14935, 5.14854, 5.09343, 4.95571, 4.80904, 4.65796, 4.50741, 4.36258, 4.22868, 4.11075, 4.01342, 3.94074, 3.89593, 3.88129, 5.51916, 5.49541, 5.46444, 5.42701, 5.3844, 5.33826, 5.29058, 5.24356, 5.19948, 5.16058, 5.12895, 5.10637, 5.09424, 5.09343, 5.03832, 4.9006, 4.75393, 4.60285, 4.4523, 4.30747, 4.17357, 4.05564, 3.95832, 3.88563, 3.84082, 3.82618, 5.38144, 5.35769, 5.32672, 5.28929, 5.24668, 5.20054, 5.15286, 5.10584, 5.06176, 5.02286, 4.99123, 4.96865, 4.95652, 4.95571, 4.9006, 4.76288, 4.61622, 4.46513, 4.31458, 4.16975, 4.03585, 3.91792, 3.8206, 3.74791, 3.7031, 3.68846, 5.23477, 5.21103, 5.18005, 5.14262, 5.10001, 5.05387, 5.00619, 4.95917, 4.91509, 4.87619, 4.84456, 4.82199, 4.80985, 4.80904, 4.75393, 4.61622, 4.46955, 4.31846, 4.16791, 4.02308, 3.88918, 3.77125, 3.67393, 3.60124, 3.55643, 3.54179, 5.08369, 5.05994, 5.02896, 4.99154, 4.94892, 4.90279, 4.85511, 4.80809, 4.764, 4.72511, 4.69348, 4.6709, 4.65876, 4.65796, 4.60285, 4.46513, 4.31846, 4.16738, 4.01683, 3.87199, 3.7381, 3.62017, 3.52284, 3.45015, 3.40535, 3.39071, 4.93314, 4.90939, 4.87841, 4.84099, 4.79837, 4.75224, 4.70456, 4.65754, 4.61345, 4.57456, 4.54293, 4.52035, 4.50821, 4.50741, 4.4523, 4.31458, 4.16791, 4.01683, 3.86627, 3.72144, 3.58755, 3.46962, 3.37229, 3.2996, 3.25479, 3.24016, 4.78831, 4.76456, 4.73358, 4.69616, 4.65354, 4.6074, 4.55973, 4.5127, 4.46862, 4.42973, 4.39809, 4.37552, 4.36338, 4.36258, 4.30747, 4.16975, 4.02308, 3.87199, 3.72144, 3.57661, 3.44272, 3.32479, 3.22746, 3.15477, 3.10996, 3.09532, 4.65441, 4.63066, 4.59968, 4.56226, 4.51965, 4.47351, 4.42583, 4.37881, 4.33473, 4.29583, 4.2642, 4.24162, 4.22949, 4.22868, 4.17357, 4.03585, 3.88918, 3.7381, 3.58755, 3.44272, 3.30882, 3.19089, 3.09356, 3.02088, 2.97607, 2.96143, 4.53648, 4.51273, 4.48176, 4.44433, 4.40172, 4.35558, 4.3079, 4.26088, 4.2168, 4.1779, 4.14627, 4.12369, 4.11156, 4.11075, 4.05564, 3.91792, 3.77125, 3.62017, 3.46962, 3.32479, 3.19089, 3.07296, 2.97564, 2.90295, 2.85814, 2.8435, 4.43915, 4.41541, 4.38443, 4.34701, 4.30439, 4.25825, 4.21058, 4.16355, 4.11947, 4.08057, 4.04894, 4.02637, 4.01423, 4.01342, 3.95832, 3.8206, 3.67393, 3.52284, 3.37229, 3.22746, 3.09356, 2.97564, 2.87831, 2.80562, 2.76081, 2.74617, 4.36647, 4.34272, 4.31174, 4.27432, 4.2317, 4.18556, 4.13789, 4.09086, 4.04678, 4.00789, 3.97625, 3.95368, 3.94154, 3.94074, 3.88563, 3.74791, 3.60124, 3.45015, 3.2996, 3.15477, 3.02088, 2.90295, 2.80562, 2.73293, 2.68812, 2.67348, 4.32166, 4.29791, 4.26693, 4.22951, 4.18689, 4.14076, 4.09308, 4.04606, 4.00197, 3.96308, 3.93145, 3.90887, 3.89673, 3.89593, 3.84082, 3.7031, 3.55643, 3.40535, 3.25479, 3.10996, 2.97607, 2.85814, 2.76081, 2.68812, 2.64332, 2.62868, 4.30702, 4.28327, 4.25229, 4.21487, 4.17225, 4.12612, 4.07844, 4.03142, 3.98733, 3.94844, 3.91681, 3.89423, 3.8821, 3.88129, 3.82618, 3.68846, 3.54179, 3.39071, 3.24016, 3.09532, 2.96143, 2.8435, 2.74617, 2.67348, 2.62868, 2.61404],
mode: 'markers',
xaxis: 'x',
yaxis: 'y',
type: 'scatter3d',
name: '',
};

        var data = [ trace0];
Plotly.newPlot(target_target, data, layout);            </script>

</body>
</html>